5342
5394
5398
5495
5499
5500
5504
5516
5518
5528
5542
5543
5575
5602
5608
5652
5809
5815
5821
5831
5838
5844
5847
5869
5873
5918
5945
5959
5960
5988
5928
6028
6047
6079
6130
6164
4676
6270
6292
6331
6350
6364
6387
6397
5646
6439
6450
6455
6479
6488
6499
1183
1421
1426
1430
1441
1474
1498
1505
1526
1528
1530
1538
1542
1545
1552
1577
1588
1599
1608
1610
1620
1630
1653
1663
1714
1727
1728
1765
1773
1780
1783
1810
1835
1852
1860
1878
1879
1892
4863
2086
1565
6590
6591
3490
6845
6753
6894
6902
6909
6993
7011
7024
7134
7209
7288
7352
7356
7410
7415
7423
7429
7443
7475
7476
7486
7491
7510
7514
7517
7528
7536
7583
7632
7639
7360
7372
7378
7379
7380
7387
7395
7404
7408
7413
7416
7422
7425
7426
7432
7440
7453
7464
7471
7473
7477
7478
7480
7483
7492
7500
7502
7518
7519
7523
7533
7543
7562
7592
7603
7620
7627
7665
7667
7716
7764
7734
7789
7822
7350
6236
7349
6701
7373
7889
5931
7939
7951
7974
6865
7700
8094
8107
6402
8118
8198
8303
8312
7886
8328
8355
8401
8459
8490
8510
4999
8577
8685
8692
8706
8755
8739
8820
4710
8906
8919
8947
8956
8962
8971
8978
9064
9075
9085
9154
9156
9166
9168
9233
9317
8172
9346
9387
4029
8995
9452
9456
9477
9478
9481
9485
9550
6547
9633
9640
9675
9721
9727
9728
9732
9733
9745
9791
8832
9848
9858
9881
4197
6826
1456
1744
1617
8674
6825
8987
9940
9958
9968
9985
9999
10000
10043
10049
10058
10080
10089
10211
6589
1677
1747
3714
10264
10011
9046
10456
10486
10494
10537
10576
10577
9941
10605
10631
10635
10677
10718
10763
4650
10873
10875
10877
10895
10903
10931
1593
10950
10981
10996
11010
11028
11036
11065
11066
8477
11094
11119
11192
10013
11297
11310
9774
11365
10314
11385
11387
11410
11427
11467
11468
11481
11509
11522
10012
11429
11555
5144
5541
11612
11642
6584
7248
7985
11743
11748
11755
11807
10530
11827
11828
11831
11837
11883
11884
11927
11949
9806
12030
12064
5536
12083
12087
12115
12163
4994
12174
12184
12187
12192
12194
12195
12197
12198
12199
12213
12224
12239
12248
12266
12274
12282
10341
12325
4548
12296
12313
12394
12424
10184
12439
12458
12464
12467
12491
12493
12501
12510
10340
12288
12583
12615
12640
12665
12672
10553
12722
10817
5540
12674
12752
11805
12760
12784
12785
12796
12823
11792
12837
6406
10988
12940
12188
10914
12991
13028
13051
1900
13080
13097
10612
7123
9120
10886
7402
8899
13240
12223
13105
12799
8135
13322
13328
13345
13363
13373
13376
8997
13445
11406
13484
13524
13537
6978
13564
13569
6127
13604
13615
13640
13248
13685
13703
13705
6921
13719
13721
3660
3730
13760
13771
5480
11951
5477
9474
5666
8949
4112
9961
6080
8738
6265
8707
3970
11744
13853
13866
13208
8444
4196
13954
13282
10957
13980
5996
14028
8954
12446
13250
9967
14152
14150
14220
10291
10294
11420
14270
13957
11456
14346
5048
6648
14389
14544
14018
14569
6537
14636
14660
4266
4947
6890
11072
12232
14780
4257
6008
12604
14826
14831
6410
14848
14858
6859
14889
14912
9765
14933
14937
14938
14655
13675
14833
15022
9743
9811
7388
8446
15108
7246
15164
10947
15203
8301
15242
15249
15275
10081
13438
15295
15323
10604
10087
15334
7706
10764
15365
15387
15388
5155
12411
15372
15439
15444
8344
15454
15455
8842
15469
8589
5425
6308
15511
15517
15524
15333
15530
15537
15538
7493
7890
15554
15559
9604
14336
15623
11804
8587
10320
15666
5334
9918
9580
10682
15737
15738
15763
15790
15698
15811
15812
15827
15828
15853
15263
15867
15905
5966
7008
15767
15925
15641
13413
11067
12120
15990
16049
16061
14458
10885
15681
16150
16155
16156
16157
16158
16188
16192
6822
7769
16220
14699
8010
12871
7414
16266
16280
12627
16288
16323
13398
16350
11212
4988
13910
13002
16395
16396
16397
10485
16442
16453
16454
10880
16463
16492
14395
16519
16524
16538
16562
10602
10878
16582
11742
16609
8246
12592
11928
12563
4918
16071
3840
16627
16772
8131
16803
10757
16809
16810
14781
16855
16860
16908
12832
16949
8443
16969
16970
16976
12748
17016
11123
17043
17057
17062
16637
3747
17095
23673
25490
7452
25517
25518
25519
15977
25542
12859
25610
25616
13689
25655
25669
25673
25606
16486
25506
25715
25728
8840
25743
12312
14151
16447
13767
4355
6118
5450
25777
25784
25785
25725
7334
15193
12993
16042
25729
6431
25838
7730
6837
25848
25850
25885
8274
9205
25898
25905
25909
25922
25924
15491
1366
25973
10655
10565
15326
26007
6228
17063
26035
26054
5232
4262
26064
26081
25956
16191
26089
26107
1757
26113
26121
26124
26133
26134
26137
26139
26141
26148
26149
26152
26153
26154
26161
26164
1535
26170
1830
26171
26172
26174
26176
26178
26180
26182
26183
26188
26189
26191
26192
26193
26194
26195
26196
26197
26198
26201
26204
26218
26222
26226
26228
26229
26233
26234
26240
26244
26247
26255
26256
26257
26259
26264
26268
26270
26272
26274
26275
26279
26281
26287
26288
26296
3033
26301
26303
26305
26306
26308
26311
26314
26315
26322
26323
26325
26326
26327
26328
26333
26334
26347
26356
1059
26369
26373
1587
26383
26385
26407
11890
9314
4444
12203
26435
6395
26438
12200
26442
26453
26454
26457
26459
26461
26463
26464
26465
26466
26467
26468
26469
26472
26475
26477
26478
26479
26480
26481
6225
26482
26491
9459
26616
26708
11441
16724
10413
9937
26737
26743
11400
26759
7146
26768
26790
7240
26807
26812
7633
26824
26847
10345
26854
26855
26856
25589
4404
8011
6759
26874
26870
9882
26885
26886
26889
26532
10578
26920
25746
26800
6549
26937
26964
26963
11379
26983
27009
27013
27027
26843
12745
26736
27040
8989
5452
26285
27324
4235
10006
15740
28264
28883
5414
30363
30364
15892
10549
4135
34417
34421
34429
34430
34433
12810
9909
34485
14709
14756
36593
15125
25601
9283
38837
38840
38843
38848
16351
11691
12038
42797
6518
11324
13090
11865
12280
9779
69528
84528
25733
87637
10829
92755
34497
13374
87880
15976
88990
26849
13426
106174
106175
6077
106533
13628
112921
13661
14509
114647
114859
116356
59736
10786
116382
7808
14029
15810
7788
12740
26151
5592
14052
5573
6610
9965
12812
12905
12608
137009
4620
13499
139626
139904
140458
140464
8125
141033
141129
16383
13407
143233
151321
6513
12182
156867
159789
7747
164690
165103
175008
9270
13351
9740
5674
15536
11845
3231
10384
1819
27041
268651
10300
8863
270592
274259
275983
276310
276339
276656
276671
276675
276679
276683
276690
276692
276694
276696
276699
276714
276720
276724
276729
276735
276760
276762
276767
276770
276789
276790
276799
276812
276819
276821
276827
276828
276830
276833
276835
276838
276842
276845
276847
276849
276852
276854
276861
276863
276866
276868
276878
276880
276882
276883
276886
276889
276894
276898
276900
276901
276904
276907
276909
276911
276915
276920
276922
276926
276929
276934
276937
276940
276941
276946
276949
276956
276960
276963
276966
276969
276970
276974
276979
276986
276988
276991
276997
277006
277010
277014
277015
277017
277024
277027
277030
277033
277039
277046
277049
277052
277062
277067
277079
277087
277101
277115
277118
277121
277123
277125
277128
277130
277133
277135
277138
277143
277145
277147
277149
277150
277153
277157
277161
277163
277165
277168
277170
277177
277185
277187
277189
277191
277194
277199
277202
277204
277209
277214
277220
277223
277224
277227
277230
277238
277245
277247
277253
277261
277266
277270
277275
277276
277278
277281
277284
277289
277292
277296
277303
277306
277317
277319
277327
277336
277357
277367
277370
277371
277376
277379
277381
277389
277394
277399
277402
277405
277407
277413
277417
277419
277425
277427
277439
277441
277460
277462
277469
277472
277475
277484
277496
277503
277506
277508
277509
277511
277515
277518
277524
277527
277533
277540
277542
277555
277571
277575
277577
277585
277588
277590
277591
277598
277603
277610
277614
277617
277625
277626
277628
277633
277636
277638
277645
277654
277656
277657
277660
277662
277666
277678
277680
277684
277687
277689
277701
277705
277710
277717
277720
277724
277730
277732
277736
277740
277742
277745
277749
277752
277761
277764
277765
277769
277774
277777
277778
277784
277785
277790
277793
277796
277804
277808
277809
277820
277823
277827
277832
277835
277840
277843
277852
277857
277859
277875
277879
277889
277893
277898
277901
277905
277908
277911
277926
277930
277933
277939
277941
277943
277948
277950
277952
277955
277958
277959
277967
277976
277978
277984
277985
277988
277992
278002
278005
278006
278009
278015
278017
278018
278024
278028
278035
278037
278041
278045
278058
278065
278069
278073
278075
278079
278094
278095
278097
278108
278111
278113
278115
278117
278126
278129
278135
278141
278145
278148
278153
278158
278160
278163
278175
278192
278200
278207
278212
278214
278223
278238
278244
278247
278253
278255
278266
278274
278277
278281
278287
278291
278296
278300
278303
278305
278308
278311
278321
278322
278339
278342
278353
278356
278361
278368
278371
278372
278376
278380
278384
278387
278392
278395
278397
278398
278401
278404
278406
278408
278417
278423
278424
278432
278435
7989
278441
278444
278445
278451
278453
278457
278458
278466
278473
278491
278495
278501
278509
278513
278519
278522
278524
278527
278529
278534
278537
278539
278544
278547
278549
278552
278556
278559
278572
278583
278593
278597
278606
278609
278618
278619
278622
278634
278650
278652
278653
278656
278663
278669
278671
278674
278687
278690
278694
278698
278703
278706
278714
278717
278719
278725
278727
278729
278733
278742
278745
278748
278750
278756
278761
278766
278770
278772
278778
278782
278789
278791
278793
278801
278813
278817
278822
278825
278831
278846
278849
278852
278853
278856
278860
278871
278875
278881
278891
278898
278900
278903
278908
278916
278921
278924
278928
278934
278938
278942
278947
278964
278969
278974
278982
278984
278987
278993
278997
278999
279002
279004
279007
279016
279017
279027
279038
279041
279044
279048
279050
279054
279058
279059
279065
279070
279078
279087
279090
279097
279100
279104
279106
279110
279120
279122
279127
279129
279130
279137
279138
279141
279146
279153
279158
279160
279163
279168
279170
279174
279177
279178
279184
279200
279202
279207
279226
279230
279238
279240
279242
279247
279255
279258
279260
279261
279263
279267
279271
279276
279277
279280
279283
279287
279289
279291
279293
279296
279300
279303
279312
279323
279342
279351
279372
279375
279378
279380
279383
279391
279392
279394
279397
279404
279415
279419
279427
279429
279439
279443
279446
279457
279461
279462
279464
279469
279476
279479
279488
279492
279495
279501
279507
279510
279513
279515
279521
279527
279532
279534
279542
279543
279548
279553
279557
279559
279564
279566
279567
279571
279576
279579
279582
279584
279585
279588
279591
279601
279606
279610
279613
279614
279616
279623
279626
279633
279642
279645
279649
279652
279655
279659
279664
279665
279666
279670
279676
279686
279692
279694
279697
279703
279704
279712
279722
279723
279730
279735
279738
279740
279745
279748
279753
279754
279756
279762
279767
279770
279773
279774
279778
279783
279789
279794
279797
279800
279804
279810
279816
279823
279825
279828
279831
279843
279859
279862
279863
279864
279865
279870
279880
279897
279905
279908
279910
279913
279918
279921
279924
279927
279933
279938
279939
279941
279944
279947
279953
279959
279961
279965
279968
279969
279985
279989
279992
279998
280001
280002
280006
280008
280012
280015
280019
280024
280025
280028
280034
280037
280046
280048
280059
280061
280064
280067
280073
280076
280088
280099
280102
280104
280109
280125
280127
280141
280144
280146
280148
280153
280155
280156
280158
280161
280165
280171
280175
280176
280183
280187
280190
280192
280194
280197
280198
280202
280204
280207
280210
280219
280224
280225
280235
280241
280244
280260
280266
280274
280276
280281
280287
280295
280300
280305
280312
280314
280319
280326
280329
280332
280334
280337
280339
280343
280356
280358
280370
280374
280382
280389
280391
280396
280398
280403
280406
280409
280411
280420
280424
280428
280433
280435
280437
280441
280445
280448
280451
280452
280455
280462
280472
280477
280482
280484
280486
280490
280493
280496
280498
280501
280505
280509
280521
280523
280531
280538
280542
280549
280552
280555
280558
280560
280565
280570
280573
280583
280586
280589
280592
280600
280603
280612
280624
280638
280647
280650
280659
280663
280666
280669
280674
280675
280677
280679
280681
280684
280688
280693
280695
280698
280705
280709
280712
280714
280725
280750
280754
280757
280760
280761
280767
280772
280774
280778
280788
280790
280795
280797
280809
280813
280820
280822
280823
280828
280830
280835
280838
280840
280843
280847
280855
280867
280871
280876
280880
280887
280889
280894
280897
280899
280904
280908
280912
280918
280921
280923
280925
280930
280934
280937
280940
280946
280950
280955
280957
280963
280966
280967
280968
280973
280974
280979
280983
280987
280990
280991
280997
281000
281003
281004
281006
281017
281019
281023
281031
281033
281035
281041
281042
281046
281050
281053
281060
281062
281067
281072
281076
281082
281085
281086
281090
281097
281100
281103
281104
281105
281117
281120
281130
281133
281141
281149
281158
281163
281168
281189
281192
281196
281198
281200
281203
281205
281210
281217
281220
281222
281229
281249
281252
281253
281256
281260
281264
281267
281269
281283
281289
281290
281294
281296
281300
281307
281312
281316
281318
281323
281326
281329
281331
281334
281345
281352
281354
281359
281369
281371
281373
281375
281382
281389
281394
281400
281401
281406
281415
281418
281421
281426
281429
281434
281440
281441
281444
281447
281457
281461
281471
281475
281479
281480
281487
281489
281493
281499
281500
281503
281507
281511
281514
281515
281520
281525
281528
281530
281532
281534
281536
281541
281545
281546
281556
281559
281561
281566
281571
281576
281578
281599
281609
281613
281616
281620
281623
281636
281637
281647
281651
281654
281658
281663
281671
281679
281683
281685
281688
281691
281694
281697
281699
281701
281703
281716
281720
281726
281733
281736
281740
281742
281744
281746
281749
281756
281767
281783
281788
281790
281794
281797
281801
281810
281811
281817
281820
281824
281832
281838
281845
281851
281862
281863
281867
281887
281890
281900
281904
281914
281925
281928
281930
281936
281945
281949
281953
281957
281962
281966
281975
281983
281987
281997
282000
282002
282006
282016
282022
282027
282035
282050
282053
282057
282061
282064
282067
282070
282073
282079
282083
282092
282097
282098
282101
282103
282109
282116
282123
282125
282134
282135
282138
282141
282142
282162
282165
282170
282177
282183
282186
282189
282191
282196
282198
282205
282208
282211
282213
282224
282227
282233
282238
282241
282244
282247
282256
282264
282269
282273
282275
282279
282282
282286
282291
282293
282296
282300
282302
282304
282308
282313
282316
282321
282327
282330
282338
282343
282344
282353
282364
282367
282374
282377
282379
282385
282390
282399
282403
282413
282415
282423
282426
282432
282438
282439
282442
282449
282452
282457
282466
282467
282469
282486
282489
282494
282498
282505
282510
282513
282521
282529
282532
282534
282539
282548
282551
282554
282556
282566
282570
282572
282574
282576
282585
282586
282589
282592
282600
282604
282614
282617
282618
282620
282629
282631
282637
282639
282642
282647
282648
282651
282655
282658
282669
282674
282678
282686
282688
282689
282694
282695
282699
282703
282705
282707
282709
282712
282715
282721
282722
282725
282726
282732
282734
282737
282740
282743
282747
282752
282755
282757
282761
282763
282766
282769
282780
282789
282790
282791
282797
282800
282803
282810
282812
282818
282820
282832
282834
282841
282845
282846
282849
282854
282855
282861
282862
282865
282870
282872
282874
282875
282889
282892
282905
282912
282914
282916
282918
282921
282926
282936
282940
282951
282954
282958
282959
282961
282973
282977
282980
282987
282990
283003
283010
283025
283027
283030
283033
283050
283053
283061
283068
283070
283085
283099
283103
283109
283113
283116
283122
283128
283134
283137
283145
283148
283151
283156
283158
283165
283169
283174
283176
283182
283186
283188
283190
283197
283201
283212
283218
283222
283226
283229
283232
283236
283243
283246
283252
283255
283258
283260
283263
283272
283276
283277
283280
283283
283287
283290
283299
283304
283311
283317
283320
283322
283327
283333
283345
283351
283354
283357
283358
283372
283375
283377
283380
283383
283387
283393
283406
283407
283412
283416
283420
283425
283434
283437
283440
283446
283450
283452
283457
283460
283467
283469
283475
283476
283478
283482
283484
283489
283498
283501
283505
283508
283522
283527
283532
283534
283536
283538
283548
283550
283554
283559
283562
283565
283570
283575
283578
283582
283589
283592
283597
283599
283618
283622
283625
283628
283631
283633
283637
283642
283647
283650
283656
283668
283672
283677
283679
283701
283706
283708
283721
283728
283740
283744
283754
283757
283782
283785
283797
283800
283803
283806
283818
283824
283827
283836
283847
283861
283868
283874
283876
283880
283891
283895
283897
283902
283909
283913
283921
283926
283930
283933
283936
283937
283944
283946
283949
283959
283962
283969
283976
283981
283984
283992
283997
284002
284010
284013
284016
284019
284022
284030
284033
284040
284044
284050
284060
284064
284074
284080
284085
284088
284095
284097
284106
284116
284122
284137
284142
284145
284156
284164
284167
284171
284185
284190
284192
284197
284199
284202
284204
284206
284208
284211
284216
284221
284226
284244
284246
284255
284257
284261
284265
284270
284277
284289
284300
284303
284305
284312
284315
284320
284322
7868
284327
284335
284341
284343
284347
284351
284356
284358
284367
284370
284374
284376
284387
284397
284399
284401
284403
284405
284411
284415
284417
284425
284428
284434
284437
284440
284450
284455
284456
284458
284460
284464
284465
284469
284471
284474
284476
284486
284489
284492
284495
284498
284501
284503
284508
284510
284516
284518
284530
284532
284541
284546
284551
284553
284555
284560
284563
284566
284569
284573
284579
284585
284587
284593
284595
284600
284603
284606
284610
284612
284614
284616
284623
284625
284634
284635
284636
284645
284648
284651
284653
284655
284656
284661
284740
284744
284751
284758
284761
284769
284772
284775
284778
284780
284783
284790
284793
284796
284809
284814
284816
284821
284824
284827
284829
284832
284847
284850
284853
284858
284873
284880
284896
284900
284908
284914
284923
284929
284933
284936
284940
284948
284951
284954
284959
284961
284971
284973
284979
284981
284982
284985
284990
284994
285001
285004
285008
285015
285019
285026
285029
285038
285041
285042
285048
285060
285068
285071
285075
285079
285082
285083
285089
285095
285098
285103
285104
285106
285109
285110
285113
285117
285120
285123
285126
285127
285130
285133
285136
285142
285155
285166
285171
285177
285188
285192
285195
285196
285201
285204
285207
285210
285212
285215
285219
285231
285234
285244
285249
285251
285253
285256
285259
285261
285263
285270
285281
285284
285289
285291
285298
285301
285306
285311
285314
285321
285329
285336
285342
285346
285350
285353
285357
285362
285366
285370
285372
285376
285380
285382
285384
285386
285389
285396
285402
285404
285407
285412
285419
285422
285425
285433
285437
285440
285453
285458
285463
285465
285467
285480
285482
285496
285500
285503
285507
285509
285512
285516
285520
285523
285525
285531
285534
285538
285545
285547
285550
285555
285558
285563
285568
285570
285574
285577
285581
285584
285591
285593
285598
285600
285604
285606
285610
285615
285617
285622
285628
285631
285635
285636
285646
285647
285650
285656
285664
285673
285677
285682
285689
285700
285702
285705
285710
285719
285720
285726
285728
285734
285741
285745
285747
285751
285757
285763
285765
285767
285772
285775
285782
285787
285791
285801
285808
285810
285814
285817
285823
285828
285832
285835
285845
285850
285856
285858
285866
285869
285870
285872
285875
285888
285891
285906
285907
285912
285913
285918
285920
285925
285927
285931
285935
285941
285942
285944
285948
285950
285954
285962
285964
285967
285972
285977
285983
285990
285991
285994
285996
285999
286000
286002
286011
286021
286024
286032
286040
286049
286052
286059
286064
286066
286071
286073
286076
286079
286081
286084
286087
286090
286094
286098
286101
286106
286108
286110
286113
286116
286123
286128
286129
286131
286138
286145
286149
286152
286161
286166
286173
286176
286182
286188
286191
286194
286196
286199
286214
286220
286231
286233
286242
286246
286256
286259
286269
286272
286275
286279
286282
286284
286287
286289
286292
286295
286298
286301
286303
286308
286322
286324
286328
286330
286333
286337
286343
286348
286355
286361
286363
286367
286382
286388
286391
286395
286398
286400
286403
286405
286409
286421
286424
286429
286439
286442
29220
286450
286456
286459
286468
286476
286478
286482
286483
286490
286494
286498
286500
286503
286507
286510
286513
286517
286522
286526
286527
286530
286533
286535
286538
286540
286544
286557
286564
286571
286578
286581
286586
286591
286597
286604
286606
286610
286633
286636
286642
286647
286648
286651
286655
286658
286660
286661
286667
286671
286674
286677
286685
286692
286694
286697
286700
286703
286708
286710
286712
286716
286718
286722
286726
286731
286734
286738
286741
286745
286747
286748
286751
286756
286758
286762
286763
286767
286770
286778
286781
286784
286787
286792
286795
286802
286806
286812
286818
286821
286823
286825
286829
286831
286834
286839
286844
286849
286854
286855
286858
286864
286867
286869
286876
286878
286881
286885
286891
286894
286897
286899
286901
286903
286908
286910
286917
286924
286926
286928
286932
286935
286947
286949
286953
286959
286962
286964
286967
286970
286976
286977
286985
286988
286992
286995
286996
287007
287008
287011
287013
287018
287021
287024
287028
287030
287036
287039
287042
287045
287049
287052
287053
287057
287062
287063
287071
287075
287078
287084
287088
287096
287099
287103
287106
287114
287124
287130
287136
287138
287143
287146
287148
287150
287155
287162
287165
287167
287173
287175
287177
287180
287184
287190
287193
287197
287202
287208
287216
287218
287220
287225
287228
287231
287234
287236
287240
287242
287246
287250
287253
287256
287262
287265
287266
287272
287281
287283
287285
287288
287292
287298
287300
287302
287307
287314
287319
287328
287330
287332
287339
287342
287344
287352
287359
287361
287364
287367
287370
287381
287384
287388
287394
287399
287404
287408
287410
287414
287418
287425
287429
287432
287437
287442
287447
287450
287458
287465
287467
287482
287485
287495
287497
287502
287507
287509
287516
287520
287522
287525
287530
287536
287543
287545
287551
287554
287557
287560
287568
287572
287575
287577
287585
287586
287591
287597
287600
287606
287608
287611
6970
287638
287644
287656
287662
287665
287678
287687
287696
287698
287701
287705
287714
287736
287737
287739
287742
287748
287754
287759
287770
287773
287782
287785
287793
287796
287798
287804
287811
287814
287819
287824
287828
287846
287853
287862
287868
287871
287878
287880
287888
287890
287893
287895
287906
287913
287916
287918
287919
287921
287931
287935
287938
287949
287953
287958
287964
287968
287973
287975
287979
287986
287989
287994
288014
288017
288020
288030
288033
288039
288043
288048
288051
288057
288059
288064
288067
288072
288075
288080
288095
288101
288106
288108
288114
288121
288123
288127
288140
288162
288168
288177
288183
288184
288191
288199
288202
288204
288214
288216
288221
288222
288227
288243
288251
288254
288258
288260
288264
288268
288280
288286
288296
288302
288306
288312
288319
288328
288330
288335
288337
288339
288343
288349
288351
288354
288361
288369
288380
288389
288393
288397
288399
288408
288411
288414
288424
288426
288429
28808
288442
288445
288448
288450
288454
288455
288462
288465
288473
288480
288487
288493
288495
288501
288503
288506
288512
288513
288517
288523
288525
288532
288542
288544
288552
288555
288556
288571
288575
288583
288588
288595
288599
288605
288613
288618
288620
288624
288627
288630
288634
288642
288645
288653
288656
288657
288660
288668
288673
288683
288694
288699
288707
288709
288718
288727
288729
288738
288746
288752
288754
288757
288759
288762
288765
288767
288770
288772
288778
288781
288791
288795
288798
288802
288807
288814
288818
288821
288823
288824
288827
288831
288836
288843
288844
288846
288848
288851
288854
288856
288858
288863
288869
288877
288883
288885
288888
288892
288897
288902
288904
288907
288912
288915
288935
288938
288941
288943
288953
288966
288968
288975
288978
288979
288982
288986
288988
288989
288996
289007
289009
289011
289018
289021
289023
289027
289039
289041
289053
289061
289065
289080
289083
289096
289099
289102
289105
289117
289119
289123
289125
289135
289156
289160
289167
289169
289177
289181
289187
289202
289204
289205
289208
289210
289214
289222
289227
289233
289234
289236
289243
289249
289259
289264
289266
289268
289269
289274
289277
289283
289286
289289
289292
289297
289300
289306
289310
289314
289320
289321
289324
289332
289335
289340
289361
289368
289376
289386
289388
289389
289390
289394
289397
289405
289410
289413
289417
289422
289428
289437
289438
289442
289444
289452
289458
289462
289464
289472
289479
289482
289485
289493
289496
289501
289503
289514
289520
289524
289527
289530
289546
289549
289551
289554
289562
289568
289571
289575
289577
289585
289605
289623
289624
289629
289634
289637
289647
289650
289653
289656
289658
289665
289669
289674
289678
289681
289690
289700
289703
289706
289708
289715
289719
289721
289728
289737
289740
289747
289750
289755
289762
289769
289771
289777
289795
289802
289808
289814
289817
289820
289826
289829
289831
289835
289840
289841
289845
289855
289858
289861
289864
289869
289871
289875
289887
289890
289892
289902
289905
289914
289920
289922
289925
289932
289934
289936
289939
289943
289950
289953
289960
289963
289964
289969
289970
289976
289979
289980
289988
289990
289992
289995
290006
290009
290017
290019
290021
290025
290027
290029
290032
290034
290041
290043
290046
290049
290052
290057
290063
290075
290078
290080
290087
290092
290095
290098
290103
290106
290110
290112
290115
290119
290122
290129
290132
290136
290138
290142
290147
290150
290151
290157
290169
290172
290183
290185
290187
290189
290191
290193
290196
290200
11190
294207
12256
8887
7030
13410
9746
305405
5538
307529
307565
308441
16202
5194
6414
308535
112765
12517
308609
13858
9613
277531
14663
308713
308800
7990
14853
308838
308842
308843
142689
308917
7729
308920
308918
9766
16746
4028
61930
308985
7306
9451
12693
4544
12036
16278
309157
8373
309346
38839
16614
247640
26430
309352
309423
10709
309560
309566
309573
309574
309575
309576
309577
309580
309583
309585
309590
309596
309597
309598
309599
309604
309613
309614
309615
309618
309622
309623
309624
309631
309633
309634
309635
309636
309637
309640
309642
309646
309647
309648
309653
309659
309662
309667
309671
309673
309676
309677
309679
309682
309684
309687
309688
309689
309690
309691
309695
309696
309698
309699
309700
309702
309703
309704
309705
309706
309707
309712
309714
309717
309720
309722
309725
309726
309728
309730
309731
309733
309735
309737
309738
309740
309741
309743
309744
309745
309746
309749
309750
309751
309755
309756
309758
309759
309762
309763
309764
309765
309767
309768
309770
309771
309773
309774
309775
309776
309777
309780
309782
309783
309784
309785
309786
309787
309792
309795
309799
309808
309810
309811
309812
309813
309814
309815
309816
309817
309820
309824
309830
309831
309832
309837
309842
309846
309847
309851
309853
309855
309859
309860
309861
309864
309867
309869
309871
309872
309874
309875
309876
309877
309881
309883
309886
309891
309902
309903
309904
309905
309906
309907
309909
309913
309916
309919
309931
309934
309937
309938
309945
309948
309949
309950
309952
309953
309954
309957
309960
309961
309962
309963
309964
309965
309966
309970
309971
309974
309976
309982
309984
309985
309987
309989
309991
309993
309996
309999
310000
310002
310003
310005
310010
310012
310019
310022
310024
310027
310028
310029
310031
310032
310033
310037
310038
310039
310041
310045
310046
310049
310050
310051
310052
310053
310055
310056
310057
310059
310060
310061
310062
310063
310064
310072
310075
310077
310079
310081
310084
310088
310100
310104
310111
310120
310127
310128
310132
310139
310143
310144
310146
310148
310152
310153
310155
310156
310158
310159
310160
310164
310166
13666
310170
310174
310177
310179
310180
310183
310185
310186
310194
310195
310196
310197
310198
310200
310201
310203
310205
310206
310207
310209
310211
310213
310214
310216
310218
310219
310220
310222
310223
310224
310226
310227
310231
310232
310233
310235
310236
310240
310241
310244
310247
310248
310252
310253
310254
310258
310260
310262
310263
310264
310267
310268
310269
310270
310272
310274
310275
310277
310279
310282
310283
310285
310286
310288
310292
310293
310294
310301
310302
310304
310305
310306
310307
310308
310309
310310
310311
310312
310313
310314
310315
310316
310317
310318
310319
310321
310322
310323
310325
310326
310327
310328
310329
310330
310331
310332
310334
310335
310336
310337
310338
310339
310340
310341
310342
310343
310344
310345
310347
310349
310353
310355
310356
310358
310359
310360
310361
310362
310363
310364
310365
310366
310367
310368
310369
310371
310374
310377
310381
310384
310389
310391
310392
310394
310395
310396
310398
310399
310400
310401
310402
310404
310405
310408
310409
310410
310412
310417
310419
310420
310422
310423
310425
310426
310428
310429
310430
310433
310434
310435
310441
310442
310443
310444
310445
310449
310450
310452
310453
310454
310456
310457
310458
310459
10915
11093
310468
280539
10945
4337
14750
6218
10745
13592
310666
308526
6287
7590
311062
311085
309460
26534
5376
12412
11832
11179
314466
314905
9714
315039
315043
315178
65278
315548
315549
41002
315563
315840
11170
315909
315914
27186
313744
8470
9375
26782
92696
6237
8121
9197
256222
109252
316138
9572
13356
289337
16988
13686
315551
295011
10993
28850
25821
308802
316729
11889
4213
6719
284229
177765
9663
6434
14751
14669
316890
138994
10262
16650
8287
14821
17026
6884
10405
10117
6132
15571
15389
3396
9378
25571
26783
289718
6836
12568
12953
5494
6536
317223
10783
6247
11013
11233
11496
15186
16182
7230
26806
317320
15572
7657
317324
9185
13487
317326
14715
4448
7746
5657
12542
9576
13114
16967
8666
317379
317380
7861
16821
12840
16844
309554
317603
317608
317612
317622
317624
317626
317628
317633
317639
317640
317642
317644
317645
317650
317652
317655
7979
317327
318043
114288
318076
10024
8046
318166
318171
3487
12091
4932
318188
318191
318172
318220
318225
318231
10417
10041
12778
6778
313164
318900
7508
318965
318968
318973
318979
1956
318982
318988
319000
319012
319014
319037
16993
319040
311081
311088
313762
311210
311220
311212
311217
315483
311932
311934
311936
312739
312862
310843
313414
312864
312886
312025
311240
311309
310922
311334
311332
312403
312462
310957
313171
311428
314657
310996
313227
312508
313514
311032
313046
313612
311061
311710
311711
311728
311156
311160
311163
311165
311199
311200
311192
311194
311196
311238
311239
311227
311244
311248
311252
311257
311259
311271
311278
311281
311299
311301
311304
311293
311305
311294
311307
311313
311317
311319
311320
311321
311315
311322
311341
311342
311345
311347
311355
311336
311339
311343
311344
311360
311361
311369
311377
311379
311357
311366
311381
311382
311384
311385
311393
311400
311401
311403
311388
311395
311417
311425
311407
311411
311415
311418
311422
311433
311437
311438
311451
311466
311469
311472
311457
311458
311477
311489
311474
311493
311475
311480
311483
311484
311487
311490
311491
311494
311498
311500
311505
311512
311503
311516
311519
311526
311522
311523
311527
311530
311514
311517
311518
311520
311521
311533
311535
311542
311536
311543
311545
311546
311531
311532
311549
311561
311556
311562
311564
311552
311582
311589
311592
311605
311606
311575
311577
311594
311597
311599
311612
311628
311621
311622
311629
311625
311609
311615
311616
311630
311635
311636
311648
311650
311683
311667
311668
311690
311693
311694
311695
311696
311699
311704
311697
311698
311705
311706
311708
311709
311716
311718
311720
311721
311724
311712
311723
311725
311730
311735
311736
311753
311754
311766
311748
311750
311751
311752
311755
311775
311778
311779
311782
311788
311789
311791
311772
311773
311792
311793
311801
311805
311806
311812
311813
311815
311819
311820
311795
311796
311798
311802
311807
311816
311822
311826
311828
311837
311824
311825
311829
311845
311863
311866
311867
311870
311862
311871
311878
311879
311881
311883
311889
311891
311892
311876
311882
311884
311887
311890
311893
311895
311896
311898
311901
311905
311916
311917
311918
311920
311921
311923
311927
311929
311931
311907
311908
311910
311912
311913
311924
311938
311939
311943
311944
311948
311949
311940
311942
311954
311964
311984
312006
312007
312010
312012
312027
312029
312030
312066
312082
312142
312144
312313
312314
312315
312336
312337
312338
312339
312367
312372
312374
312380
312385
312375
312386
312387
312377
312394
312395
312396
312379
312399
312381
312383
312388
312389
312398
312400
312401
312404
312421
312424
312425
312426
312427
312445
312472
312473
312476
312474
312475
312477
312479
312465
312466
312486
312490
312492
312494
312499
312483
312485
312487
312488
312493
312497
312498
312500
312502
312505
312515
312524
312537
312530
312511
312514
312517
312518
312519
312520
312522
312525
312526
312529
312531
312532
312533
312535
312543
312550
312544
312545
312553
312554
312556
312557
312539
312541
312542
312546
312549
312558
312564
312565
312568
312570
312560
312561
312562
312563
312567
312569
312573
312575
312577
312579
312583
312584
312586
312589
312592
312600
312580
312581
312587
312590
312593
312595
312598
312604
312607
312606
312608
312613
312616
312624
312629
312631
312638
312609
312610
312633
312639
312640
312651
312655
312662
312672
312674
312677
312680
312701
312705
312706
312657
312665
312667
312692
312702
312703
312704
312713
312714
312716
312724
312725
312732
312733
312734
312737
312708
312709
312711
312718
312721
312726
312728
312735
312736
312742
312745
312749
312750
312754
312757
312760
312762
312741
312743
312752
312755
312761
312769
312768
312773
312775
312776
312786
312764
312765
312770
312772
312777
312780
312781
312787
312788
312792
312797
312800
312801
312802
312806
312811
312790
312796
312805
312808
312816
312817
312823
312812
312814
312824
312825
312827
312828
312829
312830
312834
312835
312847
312854
312855
312859
312856
312860
312861
312837
312841
312848
312851
312852
312868
312870
312875
312879
312884
312865
312866
312867
312869
312872
312874
312881
312882
312883
312891
312892
312897
312898
312901
312908
312909
312910
312888
312889
312890
312893
312896
312899
312900
312902
312904
312905
312919
312938
312940
312942
312944
312948
312953
312954
312956
312960
312961
312935
312939
312941
312947
312949
312950
312951
312955
312959
312965
312966
312967
312981
312968
312969
312970
312963
312972
312973
312983
312987
312988
312990
312991
312993
312994
313004
313012
313009
313013
313014
313016
313024
313027
313040
313029
313030
313022
313023
313031
313032
313034
313035
313038
313042
313048
313050
313054
313058
313067
313051
313053
313062
313063
313070
313074
313077
313079
313080
313084
313086
313088
313072
313075
313076
313082
313083
313085
313087
313089
313102
313098
313103
313104
313092
313093
313095
313096
313097
313099
313101
313105
313118
313119
313121
313122
313110
313123
313124
313125
313126
313112
313109
313136
313143
313144
313149
313155
313160
313161
313163
313129
313130
313134
313139
313140
313141
313142
313146
313147
313150
313151
313152
313153
313154
313162
313165
313166
313167
313182
313191
313192
313209
313210
313216
313219
313230
313231
313233
313234
313241
313239
313242
313243
313244
313248
313249
313251
313258
313259
313252
313257
313253
313254
313255
313262
313263
313260
313264
313265
313291
313290
313293
313298
313299
313314
313316
313318
313317
313321
313322
313323
313324
313326
313327
313328
313313
313336
313335
313337
313339
313345
313351
313360
313329
313338
313340
313342
313343
313355
313356
313357
313361
313366
313369
313372
313374
313377
313380
313381
313382
313384
313412
313401
313413
313402
313405
313421
313422
313423
313424
313428
313441
313442
313443
313445
313449
313447
313450
313451
313452
313453
313454
313457
313460
313463
313469
313470
313473
313474
313477
313480
313481
313467
313468
313472
313484
313486
313487
313488
313494
313495
313498
313499
313503
313517
313518
313522
313524
313537
313538
313545
313546
313547
313550
313552
313533
313534
313539
313540
313559
313561
313571
313574
313553
313554
313555
313557
313564
313578
313600
313606
313607
313576
313577
313581
313582
313585
313586
313587
313589
313590
313591
313592
313593
313595
313596
313603
313604
313605
313609
313610
313611
313616
313627
313636
313638
313640
313614
313617
313618
313620
313621
313623
313626
313629
313631
313632
313633
313634
313639
313642
313643
313652
313653
313654
313655
313657
313665
313666
313674
313676
313677
313678
313679
313681
313684
313658
313659
313660
313662
313669
313670
313672
313685
313692
313693
313694
313696
313697
313698
313701
313708
313709
313710
313712
313713
313714
313715
313721
313723
313749
313752
313772
313792
313802
313806
313808
313819
313828
313829
313794
313795
313796
313833
313836
313847
313849
313832
313837
313853
313857
313859
313860
313864
313866
313867
313871
313872
313873
313875
313851
313852
313854
313855
313856
313878
313881
313882
313884
313891
313892
313896
313900
313877
313879
313914
313916
313918
313920
313922
313924
313926
313927
313931
313939
313940
313942
313943
313905
313908
313909
313912
313917
313923
313928
313929
313930
313932
313933
313934
313946
313948
313950
313952
313955
313962
313965
313968
313970
313972
313974
313945
313947
313960
313983
313984
313985
313998
314001
314004
314005
314006
314014
313976
313978
313979
313980
313986
313989
313992
313993
313994
313997
313999
314000
314007
314008
314011
314012
314019
314021
314022
314029
314034
314036
314038
314040
314041
314044
314017
314018
314020
314028
314030
314031
314032
314037
314047
314048
314054
314058
314066
314068
314069
314070
314072
314073
314074
314046
314049
314051
314079
314082
314088
314091
314092
314099
314100
314076
314077
314081
314086
314087
314089
314093
314097
314101
314102
314105
314112
314129
314130
314131
314104
314106
314108
314109
314110
314111
314118
314119
314120
314121
314123
314124
314125
314126
314128
314136
314150
314142
314151
314153
314154
314156
314172
314173
314174
314177
314178
314205
314206
314207
314210
314208
314241
314243
314244
314258
314260
314234
314235
314264
314267
314270
314268
314269
314271
314272
314275
314279
314262
314263
314266
314278
314284
314286
314289
314288
314291
314293
314297
314300
314303
314281
314282
314283
314298
314299
314301
314337
314338
314339
314340
314341
314344
314345
314346
314347
314348
314350
314351
314314
314355
314356
314357
314360
314366
314372
314374
314377
314378
314384
314353
314359
314363
314364
314365
314368
314369
314370
314381
314385
314389
314392
314393
314395
314426
314427
314428
314431
314432
314436
314444
314423
314424
314425
314433
314434
314435
314438
314439
314441
314442
314443
314451
314452
314456
314457
314458
314459
314461
314445
314447
314448
314450
314454
314455
314474
314481
314468
314491
314469
314471
314472
314477
314478
314479
314483
314485
314486
314488
314489
314492
314495
314496
314499
314498
314503
314504
314505
314506
314507
314508
314511
314554
314576
314578
314579
314580
314586
314590
314596
314597
314598
314599
314605
314606
314607
314609
314613
314614
314615
314616
314591
314592
314593
314594
314602
314610
314612
314628
314650
314651
314654
314655
314656
314622
314623
314626
314627
314629
314631
314632
314633
314634
314636
314661
314662
314663
314679
314664
314665
314658
314659
314673
314666
314684
314685
314709
314710
314712
314713
314715
314716
314717
314728
314732
314734
314736
314738
314739
314740
314742
314721
314722
314723
314724
314725
314726
314727
314735
314737
314743
314744
314749
314756
314759
314753
314760
314755
314762
314746
314757
314758
314765
314768
314769
314770
314772
314777
314786
314788
314763
314764
314766
314767
314774
314776
314778
314783
314784
314789
314790
314791
314792
314803
314805
314807
314808
314814
314815
314817
314819
314821
314799
314800
314801
314802
314812
314820
314824
314826
314827
314828
314837
314838
314839
314841
314845
314846
314853
314854
314857
314860
314862
314867
314831
314840
314843
314848
314850
314855
314856
314858
314859
314864
314868
314873
314878
314881
314884
314886
314888
314889
314891
314893
314894
314895
314896
314897
314900
314903
314869
314870
314876
314879
314880
314882
314885
314887
314890
314901
314902
314910
314918
314911
314920
314921
314924
314925
314930
314938
314939
314940
314922
314945
314947
314975
314953
314954
314955
314957
314961
314970
314971
314972
314974
314978
314979
314983
314984
314985
314987
314988
315000
315003
314981
314982
315020
315005
315022
315023
315024
315033
315034
315035
315036
315037
315045
315046
315050
315051
315059
315060
315061
315062
315063
315064
315065
315067
315040
315041
315042
315052
315053
315070
315073
315092
315095
315096
315099
315115
315116
315074
315075
315076
315078
315081
315082
315083
315085
315086
315087
315088
315089
315091
315098
315100
315101
315103
315104
315105
315106
315107
315108
315110
315113
315126
315127
315133
315138
315117
315119
315120
315123
315124
315125
315130
315131
315132
315135
315136
315137
315139
315154
315159
315161
315163
315164
315165
315150
315151
315153
315155
315156
315157
315160
315166
315167
315196
315198
315200
315202
315203
315204
315206
315235
315236
315240
315241
315242
315243
315244
315250
315258
315259
315228
315229
315230
315232
315254
315257
315266
315267
315277
315279
315283
315284
315286
315290
315292
315261
315262
315263
315264
315268
315269
315270
315274
315278
315280
315281
315282
315285
315287
315288
315294
315297
315298
315299
315305
315309
315313
315323
315325
315302
315303
315306
315307
315310
315314
315316
315318
315320
315322
315329
315334
315335
315336
315339
315340
315343
315345
315346
315326
315331
315332
315337
315347
315363
315365
315366
315367
315376
315377
315378
315380
315381
315382
315383
315385
315386
315390
315356
315357
315358
315369
315387
315393
315395
315399
315400
315409
315410
315391
315392
315401
315402
315403
315405
315406
315408
315413
315416
315420
315441
315421
315442
315443
315444
315414
315415
315418
315422
315449
315450
315452
315451
315454
315462
315465
315468
315474
315475
315478
315479
315447
315448
315453
315466
315469
315471
315477
315480
315485
315488
315489
315492
315494
315495
315496
315500
315501
315484
315486
315487
315490
315499
315504
310800
310807
310834
310838
310858
310854
310867
310885
310886
310889
310902
310920
310921
310935
310995
311007
311014
311022
311029
311037
311045
311048
311076
311080
311091
311098
311099
311118
311122
311124
311131
311144
311152
311148
311172
311178
311358
311436
311435
311524
311541
311553
311554
311568
311569
311574
311570
311576
311602
311617
311619
311623
311620
311641
311645
311646
311658
311659
311660
311661
311662
311678
311679
311729
311734
311739
311740
311767
311768
311794
311803
311840
311842
311843
311833
311835
311836
311839
311849
311853
311852
311855
311856
311858
311859
311903
311919
311930
311945
311953
311957
311958
311961
311956
311959
311968
311977
311979
311980
311981
311969
311970
311971
311972
311973
311975
311982
311994
311995
312002
312003
312004
312014
312015
312018
312017
312035
312036
312037
312022
312023
312032
312034
312039
312040
312041
312044
312042
312045
312046
312047
312048
312052
312053
312054
312056
312057
312058
312070
312059
312073
312077
312075
312076
312080
312091
312093
312095
312096
312098
312099
312103
312104
312105
312106
312107
312110
312115
312116
312117
312126
312127
312128
312129
312130
312141
312150
312151
312153
312140
312155
312154
312156
312158
312160
312168
312159
312161
312162
312163
312165
312167
312178
312173
312180
312182
312185
312187
312193
312198
312200
312213
312215
312216
312219
312229
312240
312227
312231
312233
312235
312237
312243
312246
312253
312256
312267
312280
312283
312259
312261
312275
312293
312286
312301
312306
312311
312304
312312
312325
312316
312317
312318
312320
312323
312324
312327
312328
312330
312333
312334
312329
312331
312345
312346
312347
312348
312350
312352
312353
312354
312361
312362
312363
312364
312365
312405
312407
312411
312413
312416
312414
312415
312418
312419
312420
312429
312436
312437
312440
312442
312433
312434
312435
312441
312447
312448
312454
312455
312451
312452
312457
312459
312463
312538
312503
312506
312507
312512
312513
312552
312602
312611
312646
312723
312747
312758
312795
312798
312839
312842
312933
312926
312927
312928
312930
312952
313008
313039
313106
313115
313128
313158
313189
313159
313168
313169
313226
313267
313271
313272
313273
313268
313276
313278
313280
313282
313284
313285
313288
313310
313388
313389
313448
313536
313541
313542
313548
313549
313551
313579
313599
313624
313647
313648
313651
313664
313680
313686
313687
313688
313689
313691
313705
313730
313732
313722
313726
313727
313729
313734
313735
313736
313738
313781
313793
313821
313823
313824
313826
313830
313827
313850
313858
313863
313862
313903
313904
313938
313967
313969
314023
314026
314043
314056
314067
314090
314103
314114
314116
314144
314160
314148
314149
314157
314158
314159
314163
314165
314166
314167
314162
314168
314185
314194
314217
314213
314216
314226
314231
314232
314233
314236
314238
314239
314221
314222
314223
314229
314237
314248
314247
314249
314250
314254
314255
314256
314252
314257
314273
317715
314295
314323
314325
314315
314317
314318
314329
314394
314407
314403
314406
314462
314463
314502
314510
314520
314514
314517
314524
314525
314527
314523
314526
314531
314532
314533
314540
314541
314528
314529
314530
314542
314561
314581
314583
314608
314641
314642
314639
314640
314643
314645
314646
314649
314648
314677
314745
314779
314806
314813
314830
314861
314863
314871
314872
314877
314892
314899
314904
314907
314942
314943
314944
314999
315007
315038
315056
315049
315114
315146
315147
315148
315149
315169
315170
315171
315174
315175
315177
315180
315179
315181
315183
315184
315189
315210
315245
315249
315341
315352
315350
315351
315353
315360
315371
315423
315419
315424
315426
315427
315433
315434
315435
315436
315428
315429
315430
315437
315439
315440
315446
315457
315458
315473
315482
311216
311232
311262
311263
311372
311375
313410
313431
313432
313816
313817
313818
313838
313839
313840
313841
313842
313843
313844
313845
313883
313885
313886
313888
313890
313899
313902
313958
314024
314027
314139
314214
314215
314204
314410
314411
314412
314414
314415
314416
314417
314418
314420
314557
317705
314544
314545
314547
314549
314550
314519
317708
317714
311992
311996
311997
311998
311999
312001
312068
316220
316252
316308
316312
316186
316198
316226
316237
316247
316254
316261
316269
316284
316302
316316
317710
317717
317718
317719
311265
311266
311292
311275
311280
311323
311326
311327
311353
311448
311449
311429
311430
311445
311507
311508
311557
311558
311559
311584
311587
311632
311633
311637
311653
311654
311684
311687
311784
312084
312086
312102
312121
312122
312123
312125
312145
312147
312443
312574
312576
312594
312596
312597
312717
312719
312720
312876
312920
312921
312916
312924
312998
312999
312992
313007
313010
313011
313017
313019
313020
313000
313198
313200
313202
313173
313175
313177
313178
313179
313185
313187
313188
313193
313194
313211
313212
313221
313223
313224
313205
313207
313208
313218
313222
313225
313236
313237
313228
313245
313301
313302
313303
313304
313306
313307
313308
313385
313363
313364
313370
313375
313376
313383
313386
313387
313390
313391
313393
313394
313395
313396
313403
313404
313433
313436
313417
313418
313419
313420
313427
313429
313430
313435
313437
313438
313455
313505
313506
313509
313511
313512
313490
313492
313493
313496
313501
313504
313523
313525
313527
313529
313530
313532
313516
313566
313569
313625
313699
313702
313716
313717
313719
313720
313753
313754
313755
313757
313758
313782
313783
313787
313766
313767
313768
313770
313771
313776
313779
313790
313798
313801
313804
313805
313810
313811
313812
313813
313814
314186
314190
314191
314196
314197
314203
314170
314176
314180
314181
314182
314188
314189
314192
314199
314200
314201
314202
314379
314380
314396
314397
314398
314399
314400
314401
314408
314409
314413
314386
314387
314388
314390
314429
314512
314513
314515
314493
314494
314497
314501
314537
314538
314539
314543
314563
314575
314585
314552
314556
314558
314559
314564
314565
314566
314568
314573
314574
314667
314670
314671
314672
314682
314688
314693
314695
314696
314719
314683
314687
314689
314691
314697
314698
314702
314703
314705
314707
314708
314912
314913
314915
314916
314917
314926
314927
314929
314931
314932
314933
314936
314937
314941
314948
314949
314950
314963
314966
314967
314969
314990
314991
314994
314995
314998
315006
315009
315010
315011
315012
315013
315014
315028
315029
315017
315018
315019
315030
315057
315197
315223
315224
315187
315191
315194
315208
315209
315211
315213
315215
315216
315218
315219
315225
315226
315237
315238
315271
315459
315461
310816
310878
310942
310948
310949
310960
310981
310997
311054
311055
311114
311276
311506
311578
311671
311675
311680
311737
311741
311743
311746
311747
311811
311821
311847
311914
311966
311967
311987
312021
312060
312063
312067
312090
312112
312119
312133
312134
312136
312137
312138
312139
312149
312221
312224
312290
312341
312342
312344
312351
312559
312845
312858
312863
312887
312907
312912
312964
312976
313018
313107
313108
316181
316217
313283
316293
313312
316300
313350
313740
314002
314035
314060
314133
314218
314219
314220
314240
314304
314307
314309
314310
314312
314319
314321
314330
314331
314333
314335
314336
314829
315134
315142
315143
315145
315372
315373
317711
316201
316213
316218
316221
316224
316236
316240
316253
316259
316265
316274
316305
316314
316183
316184
316188
316189
316191
316192
316194
316195
316196
316197
316200
316202
316205
316208
316210
316212
316214
316215
316216
316219
316222
316227
316233
316244
316245
316246
316248
316250
316251
316258
316263
316264
316270
316272
316275
316276
316277
316278
316279
316281
316282
316283
316288
316290
316294
316299
316303
316304
316306
316307
316310
316311
316313
316315
316318
319052
319054
319055
319058
319060
319064
319065
319066
319067
319068
319070
319071
319072
319073
319074
319075
319076
319077
319078
319079
319081
319082
319083
319084
319085
319086
319087
319088
319090
319092
319093
319095
319100
319101
319102
319103
319104
319105
319106
319107
319108
319109
319111
319112
319113
319114
319115
319116
319117
319118
319119
319120
319121
319122
319123
319124
319125
319126
319127
319128
319129
319132
319133
319134
319135
319137
319138
319140
319141
319142
319143
319145
319146
319147
319148
319149
319150
319151
319152
319153
319154
319156
319157
319158
319159
319160
319161
319162
319163
319164
319166
319167
319169
319170
319172
319173
319174
319175
319177
319178
319179
319180
319181
319182
319185
319187
319188
319189
319190
319191
319192
319193
319194
319195
319196
319197
319198
319199
319200
319201
319202
319203
319204
319207
319208
319209
319210
319211
319212
319214
319215
319216
319218
319219
319220
319221
319222
319223
319224
319225
319226
319227
319228
319229
319230
319231
319233
319234
319235
319237
319238
319239
319241
319242
319243
319244
319245
319246
319247
319248
319252
319253
319255
319256
319257
319258
319259
319260
319262
319263
319264
319266
319267
319268
319269
319270
319271
319273
319274
319275
319276
319277
319278
319279
319280
319281
319282
319284
319285
319287
319288
319289
319290
319291
319292
319293
319294
319295
319296
319297
315920
9447
12369
319821
320137
320233
320243
320349
320352
288173
25878
312069
320515
136818
25482
320546
3530
154404
16982
316899
320563
320564
320569
320587
320553
318919
320611
14273
14300
320617
320616
320634
320679
320693
320697
320699
320720
320726
320727
320731
321076
308844
321106
321117
315573
321149
321151
321156
87321
321166
322353
322361
138541
6494
322968
322974
323098
323272
2005
323586
323790
323825
323848
324037
324121
324181
324186
324270
2486
2848
324866
324892
324970
6120
325465
325468
9131
325675
325676
325677
325680
325685
325686
325687
325688
325689
325690
325692
325696
325697
325698
325699
325700
325702
325703
325704
325705
325706
325707
325708
325710
325711
325712
325713
325714
325716
325717
325718
325719
325720
325721
325722
325723
325724
325725
325727
325728
325729
325730
325732
325733
325735
325736
325737
325738
325739
325740
325742
325743
325744
325745
325746
325748
325751
325752
325753
325755
325756
325757
325758
325759
325760
325761
325762
325763
325764
325766
325767
325769
325770
325771
325772
325773
325774
325775
325777
325781
325782
325783
325785
325787
325788
325789
325790
325791
325792
325793
325795
325797
325799
325800
325801
325802
325803
325804
325805
325806
325808
325809
325811
325812
325813
325814
325816
325818
325820
325821
325822
325823
325824
325825
325826
325827
325829
325830
325831
325832
325833
325834
325835
325836
325837
325838
325839
325840
325841
325842
325843
325845
325846
325847
325848
325851
325852
325853
325855
325856
325857
325858
325859
325860
325861
325862
325863
325864
325865
325866
325868
325869
325870
325871
325873
325874
325875
325876
325877
325878
325879
325880
325881
325882
325883
325884
325885
325886
325887
325888
325889
325890
325891
325892
325893
325894
325895
325898
325899
325900
325902
325903
325905
325906
325907
325908
325909
325910
325911
325912
325914
325915
325916
325917
325918
325919
325921
325922
325923
325924
325925
325926
325927
325928
325929
325930
325931
325933
325934
325935
325936
325937
325938
325939
325940
325941
325942
325943
325944
325945
325946
325947
325948
325949
325950
325951
325952
325954
325955
325956
325957
325958
325959
325960
325961
325962
325963
325964
325965
325966
325967
325968
325969
325970
325971
325972
325973
325975
325977
325978
325979
325980
325981
325982
325983
325984
325985
325987
325988
325989
325990
325991
325992
325993
325994
325995
325996
325997
325998
325999
326000
326001
326002
326003
326004
326005
326006
326007
326008
326009
326010
326011
326012
326013
326015
326017
326018
326019
326020
326021
326023
326024
326025
326026
326027
326028
326029
326030
326031
326032
326033
326034
326035
326036
326037
326038
326039
326040
326041
326042
326043
326044
326045
326046
326047
326048
326049
326050
326051
326052
326053
326054
326055
326056
326057
326058
326059
326060
326061
326062
326063
326064
326065
326066
326067
326068
326069
326071
326073
326074
326075
326076
326077
326078
326079
326080
326081
326083
326084
326085
326086
326087
326088
326089
326090
326091
326093
326094
326095
326096
326097
326098
326099
326100
326101
326102
326103
326104
326105
326106
326107
326108
326109
326110
326111
326112
326113
326114
326115
326116
326117
326118
326119
326120
326121
326122
326123
326124
326125
326126
326128
326129
326130
326131
326132
326133
326134
326135
326136
326137
326138
326139
326140
326141
326142
326144
326146
326147
326148
326150
326151
326152
326154
326155
326156
326157
326158
326159
326160
326162
326164
326165
326166
326167
326168
326170
326172
326173
326174
326175
326176
326177
326178
326179
326180
326181
326182
326183
326184
326185
326186
326188
326189
326190
326192
326193
326195
326196
326197
326198
326199
326200
326201
326202
326203
326204
326205
326206
326207
326208
326209
326211
326212
326213
326214
326215
326216
326217
326218
326219
326220
326221
326222
326224
326225
326226
326227
326228
326229
326230
326231
326232
326233
326234
326235
326236
326238
326239
326240
326241
326242
326243
326244
326245
326246
326247
326248
326249
326250
326251
326252
326253
326254
326255
326256
326257
326258
326259
326260
326261
326262
326263
326264
326265
326266
326267
326268
326269
326270
326271
326273
326274
326275
326276
326277
326278
326279
326280
326281
326282
326283
326284
326285
326286
326287
326288
326289
326290
326291
326292
326293
326294
326295
326296
326297
326298
326299
326300
326301
326302
326303
326304
326305
326306
326307
326308
326309
326310
326311
326312
326313
326314
326315
326316
326317
326318
326319
326320
326321
326322
326323
326324
326325
326326
326327
326328
326329
326330
326331
326333
326334
326335
326336
326338
326339
326340
326341
326342
326343
326344
326345
326347
326349
326350
326351
326352
326354
326355
326357
326358
326359
326360
326361
326362
326363
326364
326365
326366
326367
326368
326369
326370
326371
326374
326375
326376
326377
326378
326379
326381
326382
326383
326384
326386
326387
326388
326389
326390
326391
326392
326393
326394
326395
326396
326398
326400
326401
326402
326403
326404
326405
326406
326408
326409
326412
326413
326414
326415
326416
326417
326418
326419
326420
326422
326423
326424
326425
326427
326428
326429
326430
326431
326432
326433
326434
326435
326436
326437
326438
326439
326440
326441
326442
326443
326444
326445
326446
326447
326448
326449
326450
326451
326452
326453
326454
326455
326456
326457
326458
326459
326460
326461
326462
326463
326464
326465
326466
326467
326468
326469
326471
326472
326473
326474
326475
326476
326477
326478
326479
326480
326481
326482
326483
326485
326486
326487
326488
326489
326490
326491
326492
326493
326494
326495
326496
326497
326498
326499
326500
326501
326502
326503
326504
326505
326506
326507
326508
326509
326510
326511
326512
326513
326514
326515
326516
326517
326518
326519
326520
326521
326522
326698
326707
320702
326716
326959
13350
326970
326972
327098
318964
327100
151115
327297
327305
327442
15578
327647
327649
320540
328105
328106
328107
328108
328109
328110
328111
328112
328113
328115
328116
328117
328118
328119
328120
328121
328122
328123
328124
328126
328127
328128
328129
328130
328131
328132
328133
328134
328135
328137
328138
328139
328140
328141
328142
328143
328146
328147
328148
328150
328151
328152
328153
328154
328155
328156
328157
328158
328159
328160
328161
328162
328163
328164
328165
328166
328167
328168
328169
328170
328171
328172
328173
328174
328175
328176
328177
328178
328179
328180
328181
328182
328183
328184
328185
328186
328187
328188
328189
328190
328192
328193
328194
328195
328196
328197
328198
328199
328200
328201
328202
328203
328204
328205
328206
328207
328208
328209
328210
328211
328213
328336
318036
328605
328794
311038
7578
329024
12061
331009
332428
10876
3184
334776
337323
338166
338167
338168
